{
  "similarity_matrix": [
    [
      1.0,
      -0.9466354846954346,
      -0.012974867597222328,
      0.03318123519420624,
      -0.12432266771793365,
      0.13882270455360413,
      0.18787120282649994,
      -0.17078080773353577,
      0.1395948976278305,
      -0.12773029506206512
    ],
    [
      -0.9466354846954346,
      1.0,
      -0.007925564423203468,
      -0.006506456062197685,
      0.10048621147871017,
      -0.11889652907848358,
      -0.19434720277786255,
      0.18305253982543945,
      -0.16690687835216522,
      0.16058120131492615
    ],
    [
      -0.012974867597222328,
      -0.007925564423203468,
      0.9999999403953552,
      -0.9547123312950134,
      0.10177984833717346,
      -0.11734843999147415,
      -0.07629549503326416,
      0.04464421421289444,
      0.15206113457679749,
      -0.1266917884349823
    ],
    [
      0.03318123519420624,
      -0.006506456062197685,
      -0.9547123312950134,
      1.0,
      -0.11943165212869644,
      0.13091838359832764,
      0.07008979469537735,
      -0.030266916379332542,
      -0.18175244331359863,
      0.16474369168281555
    ],
    [
      -0.12432266771793365,
      0.10048621147871017,
      0.10177984833717346,
      -0.11943165212869644,
      1.0,
      -0.9748230576515198,
      -0.26887428760528564,
      0.25261473655700684,
      0.08083216845989227,
      -0.06597939133644104
    ],
    [
      0.13882270455360413,
      -0.11889652907848358,
      -0.11734843999147415,
      0.13091838359832764,
      -0.9748230576515198,
      1.0,
      0.258422315120697,
      -0.24959668517112732,
      -0.051463041454553604,
      0.03389967605471611
    ],
    [
      0.18787120282649994,
      -0.19434720277786255,
      -0.07629549503326416,
      0.07008979469537735,
      -0.26887428760528564,
      0.258422315120697,
      1.0,
      -0.9506137371063232,
      -0.013962795957922935,
      0.00973384641110897
    ],
    [
      -0.17078080773353577,
      0.18305253982543945,
      0.04464421421289444,
      -0.030266916379332542,
      0.25261473655700684,
      -0.24959668517112732,
      -0.9506137371063232,
      1.0000001192092896,
      -0.0216883085668087,
      0.03426676243543625
    ],
    [
      0.1395948976278305,
      -0.16690687835216522,
      0.15206113457679749,
      -0.18175244331359863,
      0.08083216845989227,
      -0.051463041454553604,
      -0.013962795957922935,
      -0.0216883085668087,
      1.0,
      -0.9536097049713135
    ],
    [
      -0.12773029506206512,
      0.16058120131492615,
      -0.1266917884349823,
      0.16474369168281555,
      -0.06597939133644104,
      0.03389967605471611,
      0.00973384641110897,
      0.03426676243543625,
      -0.9536097049713135,
      1.0
    ]
  ],
  "concepts": [
    "formal",
    "casual",
    "positive",
    "negative",
    "verbose",
    "concise",
    "confident",
    "uncertain",
    "technical",
    "simple"
  ],
  "categories": {
    "orthogonal": [
      "('formal', 'positive', -0.012974867597222328)",
      "('formal', 'negative', 0.03318123519420624)",
      "('formal', 'verbose', -0.12432266771793365)",
      "('formal', 'concise', 0.13882270455360413)",
      "('formal', 'confident', 0.18787120282649994)",
      "('formal', 'uncertain', -0.17078080773353577)",
      "('formal', 'technical', 0.1395948976278305)",
      "('formal', 'simple', -0.12773029506206512)",
      "('casual', 'positive', -0.007925564423203468)",
      "('casual', 'negative', -0.006506456062197685)",
      "('casual', 'verbose', 0.10048621147871017)",
      "('casual', 'concise', -0.11889652907848358)",
      "('casual', 'confident', -0.19434720277786255)",
      "('casual', 'uncertain', 0.18305253982543945)",
      "('casual', 'technical', -0.16690687835216522)",
      "('casual', 'simple', 0.16058120131492615)",
      "('positive', 'verbose', 0.10177984833717346)",
      "('positive', 'concise', -0.11734843999147415)",
      "('positive', 'confident', -0.07629549503326416)",
      "('positive', 'uncertain', 0.04464421421289444)",
      "('positive', 'technical', 0.15206113457679749)",
      "('positive', 'simple', -0.1266917884349823)",
      "('negative', 'verbose', -0.11943165212869644)",
      "('negative', 'concise', 0.13091838359832764)",
      "('negative', 'confident', 0.07008979469537735)",
      "('negative', 'uncertain', -0.030266916379332542)",
      "('negative', 'technical', -0.18175244331359863)",
      "('negative', 'simple', 0.16474369168281555)",
      "('verbose', 'technical', 0.08083216845989227)",
      "('verbose', 'simple', -0.06597939133644104)",
      "('concise', 'technical', -0.051463041454553604)",
      "('concise', 'simple', 0.03389967605471611)",
      "('confident', 'technical', -0.013962795957922935)",
      "('confident', 'simple', 0.00973384641110897)",
      "('uncertain', 'technical', -0.0216883085668087)",
      "('uncertain', 'simple', 0.03426676243543625)"
    ],
    "aligned": [],
    "opposing": [
      "('formal', 'casual', -0.9466354846954346)",
      "('positive', 'negative', -0.9547123312950134)",
      "('verbose', 'concise', -0.9748230576515198)",
      "('confident', 'uncertain', -0.9506137371063232)",
      "('technical', 'simple', -0.9536097049713135)"
    ],
    "other": [
      "('verbose', 'confident', -0.26887428760528564)",
      "('verbose', 'uncertain', 0.25261473655700684)",
      "('concise', 'confident', 0.258422315120697)",
      "('concise', 'uncertain', -0.24959668517112732)"
    ]
  }
}