{
  "similarity_matrix": [
    [
      1.0000001192092896,
      -0.7555364966392517,
      -0.12006694078445435,
      0.026214037090539932,
      -0.005344420671463013,
      0.00895421952009201,
      0.09246645867824554,
      -0.06514663249254227,
      0.09411343187093735,
      -0.07995327562093735
    ],
    [
      -0.7555364966392517,
      1.000000238418579,
      0.07106229662895203,
      -0.025369495153427124,
      0.017262380570173264,
      0.020244993269443512,
      -0.12348324060440063,
      0.0915130227804184,
      -0.07380609214305878,
      0.045866306871175766
    ],
    [
      -0.12006694078445435,
      0.07106229662895203,
      1.0000004768371582,
      -0.1795877367258072,
      0.21038153767585754,
      -0.12671774625778198,
      -0.044585321098566055,
      0.04265753924846649,
      0.056434888392686844,
      -0.04334932565689087
    ],
    [
      0.026214037090539932,
      -0.025369495153427124,
      -0.1795877367258072,
      1.0000004768371582,
      -0.062348075211048126,
      0.1890236884355545,
      0.04701581969857216,
      -0.0009752009063959122,
      -0.08384444564580917,
      0.0930827409029007
    ],
    [
      -0.005344420671463013,
      0.017262380570173264,
      0.21038153767585754,
      -0.062348075211048126,
      1.0000004768371582,
      -0.2860270142555237,
      -0.14554789662361145,
      0.2889624834060669,
      0.04878374934196472,
      -0.02819787710905075
    ],
    [
      0.00895421952009201,
      0.020244993269443512,
      -0.12671774625778198,
      0.1890236884355545,
      -0.2860270142555237,
      1.0000003576278687,
      0.326707124710083,
      -0.2085442692041397,
      -0.10852675139904022,
      0.10676974058151245
    ],
    [
      0.09246645867824554,
      -0.12348324060440063,
      -0.044585321098566055,
      0.04701581969857216,
      -0.14554789662361145,
      0.326707124710083,
      1.0000003576278687,
      -0.508003294467926,
      -0.013193655759096146,
      -0.0021407161839306355
    ],
    [
      -0.06514663249254227,
      0.0915130227804184,
      0.04265753924846649,
      -0.0009752009063959122,
      0.2889624834060669,
      -0.2085442692041397,
      -0.508003294467926,
      1.0000005960464478,
      0.017627451568841934,
      -0.003800046630203724
    ],
    [
      0.09411343187093735,
      -0.07380609214305878,
      0.056434888392686844,
      -0.08384444564580917,
      0.04878374934196472,
      -0.10852675139904022,
      -0.013193655759096146,
      0.017627451568841934,
      1.0000005960464478,
      -0.6542962789535522
    ],
    [
      -0.07995327562093735,
      0.045866306871175766,
      -0.04334932565689087,
      0.0930827409029007,
      -0.02819787710905075,
      0.10676974058151245,
      -0.0021407161839306355,
      -0.003800046630203724,
      -0.6542962789535522,
      1.0000003576278687
    ]
  ],
  "concepts": [
    "formal",
    "casual",
    "positive",
    "negative",
    "verbose",
    "concise",
    "confident",
    "uncertain",
    "technical",
    "simple"
  ],
  "categories": {
    "orthogonal": [
      "('formal', 'negative', 0.026214037090539932)",
      "('formal', 'verbose', -0.005344420671463013)",
      "('formal', 'concise', 0.00895421952009201)",
      "('casual', 'negative', -0.025369495153427124)",
      "('casual', 'verbose', 0.017262380570173264)",
      "('casual', 'concise', 0.020244993269443512)",
      "('casual', 'simple', 0.045866306871175766)",
      "('positive', 'confident', -0.044585321098566055)",
      "('positive', 'uncertain', 0.04265753924846649)",
      "('positive', 'simple', -0.04334932565689087)",
      "('negative', 'confident', 0.04701581969857216)",
      "('negative', 'uncertain', -0.0009752009063959122)",
      "('verbose', 'technical', 0.04878374934196472)",
      "('verbose', 'simple', -0.02819787710905075)",
      "('confident', 'technical', -0.013193655759096146)",
      "('confident', 'simple', -0.0021407161839306355)",
      "('uncertain', 'technical', 0.017627451568841934)",
      "('uncertain', 'simple', -0.003800046630203724)"
    ],
    "aligned": [],
    "opposing": [
      "('formal', 'casual', -0.7555364966392517)",
      "('confident', 'uncertain', -0.508003294467926)",
      "('technical', 'simple', -0.6542962789535522)"
    ],
    "other": [
      "('formal', 'positive', -0.12006694078445435)",
      "('formal', 'confident', 0.09246645867824554)",
      "('formal', 'uncertain', -0.06514663249254227)",
      "('formal', 'technical', 0.09411343187093735)",
      "('formal', 'simple', -0.07995327562093735)",
      "('casual', 'positive', 0.07106229662895203)",
      "('casual', 'confident', -0.12348324060440063)",
      "('casual', 'uncertain', 0.0915130227804184)",
      "('casual', 'technical', -0.07380609214305878)",
      "('positive', 'negative', -0.1795877367258072)",
      "('positive', 'verbose', 0.21038153767585754)",
      "('positive', 'concise', -0.12671774625778198)",
      "('positive', 'technical', 0.056434888392686844)",
      "('negative', 'verbose', -0.062348075211048126)",
      "('negative', 'concise', 0.1890236884355545)",
      "('negative', 'technical', -0.08384444564580917)",
      "('negative', 'simple', 0.0930827409029007)",
      "('verbose', 'concise', -0.2860270142555237)",
      "('verbose', 'confident', -0.14554789662361145)",
      "('verbose', 'uncertain', 0.2889624834060669)",
      "('concise', 'confident', 0.326707124710083)",
      "('concise', 'uncertain', -0.2085442692041397)",
      "('concise', 'technical', -0.10852675139904022)",
      "('concise', 'simple', 0.10676974058151245)"
    ]
  }
}