{
  "similarity_matrix": [
    [
      1.0,
      -0.9558943510055542,
      0.21132895350456238,
      -0.20137928426265717,
      -0.03446581959724426,
      0.004103012382984161
    ],
    [
      -0.9558943510055542,
      1.0000001192092896,
      -0.19212809205055237,
      0.1875234842300415,
      0.022597672417759895,
      0.0029050661250948906
    ],
    [
      0.21132895350456238,
      -0.19212809205055237,
      1.0000001192092896,
      -0.9505626559257507,
      0.1623399257659912,
      -0.18342158198356628
    ],
    [
      -0.20137928426265717,
      0.1875234842300415,
      -0.9505626559257507,
      1.0,
      -0.17010608315467834,
      0.1731489598751068
    ],
    [
      -0.03446581959724426,
      0.022597672417759895,
      0.1623399257659912,
      -0.17010608315467834,
      1.0,
      -0.9433699250221252
    ],
    [
      0.004103012382984161,
      0.0029050661250948906,
      -0.18342158198356628,
      0.1731489598751068,
      -0.9433699250221252,
      1.0
    ]
  ],
  "concepts": [
    "formal",
    "casual",
    "technical",
    "simple",
    "positive",
    "negative"
  ],
  "categories": {
    "orthogonal": [
      "('formal', 'positive', -0.03446581959724426)",
      "('formal', 'negative', 0.004103012382984161)",
      "('casual', 'technical', -0.19212809205055237)",
      "('casual', 'simple', 0.1875234842300415)",
      "('casual', 'positive', 0.022597672417759895)",
      "('casual', 'negative', 0.0029050661250948906)",
      "('technical', 'positive', 0.1623399257659912)",
      "('technical', 'negative', -0.18342158198356628)",
      "('simple', 'positive', -0.17010608315467834)",
      "('simple', 'negative', 0.1731489598751068)"
    ],
    "aligned": [],
    "opposing": [
      "('formal', 'casual', -0.9558943510055542)",
      "('technical', 'simple', -0.9505626559257507)",
      "('positive', 'negative', -0.9433699250221252)"
    ],
    "other": [
      "('formal', 'technical', 0.21132895350456238)",
      "('formal', 'simple', -0.20137928426265717)"
    ]
  }
}